# unix_time, cycles_done, cur_path, paths_total, pending_total, pending_favs, map_size, unique_crashes, unique_hangs, max_depth, execs_per_sec
1639762179, 0, 0, 1, 1, 1, 0.01%, 0, 0, 1, 800.00
1639762184, 1, 3, 4, 2, 0, 0.01%, 2, 0, 2, 703.83
1639762189, 3, 0, 4, 1, 0, 0.01%, 2, 0, 2, 677.04
1639762194, 5, 0, 4, 1, 0, 0.01%, 2, 0, 2, 669.32
1639762199, 6, 0, 6, 3, 0, 0.01%, 2, 0, 2, 666.94
1639762210, 8, 0, 6, 3, 0, 0.01%, 2, 0, 2, 655.77
1639762215, 9, 0, 6, 3, 0, 0.01%, 2, 0, 2, 655.02
1639762220, 11, 0, 6, 3, 0, 0.01%, 2, 0, 2, 655.06
1639762225, 12, 0, 8, 5, 0, 0.01%, 2, 0, 2, 650.20
