# unix_time, cycles_done, cur_path, paths_total, pending_total, pending_favs, map_size, unique_crashes, unique_hangs, max_depth, execs_per_sec
1639739282, 0, 0, 1, 1, 1, 0.01%, 0, 0, 1, 666.67
1639739287, 0, 0, 4, 4, 1, 0.01%, 2, 0, 2, 124.15
1639739292, 0, 0, 5, 5, 1, 0.01%, 3, 0, 2, 122.68
1639739318, 2, 0, 5, 4, 0, 0.01%, 3, 0, 2, 125.15
1639739323, 3, 0, 6, 5, 0, 0.01%, 3, 0, 2, 126.18
1639739328, 6, 0, 6, 5, 0, 0.01%, 3, 0, 2, 127.28
1639739333, 8, 0, 6, 5, 0, 0.01%, 3, 0, 2, 125.18
1639739338, 11, 0, 6, 5, 0, 0.01%, 3, 0, 2, 125.58
1639739343, 13, 0, 6, 5, 0, 0.01%, 3, 0, 2, 31.33
1639739348, 16, 0, 6, 5, 0, 0.01%, 3, 0, 2, 97.29
1639739354, 18, 0, 6, 5, 0, 0.01%, 3, 0, 2, 116.55
1639739359, 20, 0, 7, 6, 0, 0.01%, 3, 0, 2, 122.68
1639739364, 22, 0, 7, 6, 0, 0.01%, 3, 0, 2, 122.46
1639739369, 24, 0, 7, 6, 0, 0.01%, 3, 0, 2, 127.23
1639739374, 27, 0, 7, 6, 0, 0.01%, 3, 0, 2, 124.60
1639739379, 30, 0, 7, 6, 0, 0.01%, 3, 0, 2, 124.51
1639739384, 32, 0, 7, 6, 0, 0.01%, 3, 0, 2, 124.79
1639739390, 35, 0, 7, 6, 0, 0.01%, 3, 0, 2, 124.53
1639739395, 37, 0, 7, 6, 0, 0.01%, 3, 0, 2, 126.46
1639739400, 40, 0, 7, 6, 0, 0.01%, 3, 0, 2, 124.12
1639739405, 42, 0, 7, 6, 0, 0.01%, 3, 0, 2, 124.58
1639739410, 45, 0, 7, 6, 0, 0.01%, 3, 0, 2, 124.15
1639739415, 47, 0, 7, 6, 0, 0.01%, 3, 0, 2, 124.82
1639739421, 50, 0, 7, 6, 0, 0.01%, 3, 0, 2, 124.83
1639739426, 52, 0, 7, 6, 0, 0.01%, 3, 0, 2, 124.40
1639739431, 55, 0, 7, 6, 0, 0.01%, 3, 0, 2, 125.64
1639739436, 57, 0, 7, 6, 0, 0.01%, 3, 0, 2, 124.68
1639739441, 59, 0, 7, 6, 0, 0.01%, 3, 0, 2, 61.76
1639739446, 62, 0, 7, 6, 0, 0.01%, 3, 0, 2, 126.96
1639739451, 64, 0, 7, 6, 0, 0.01%, 3, 0, 2, 120.62
1639739456, 67, 0, 7, 6, 0, 0.01%, 3, 0, 2, 125.30
1639739461, 69, 0, 7, 6, 0, 0.01%, 3, 0, 2, 128.41
1639739467, 72, 0, 7, 6, 0, 0.01%, 3, 0, 2, 122.91
1639739472, 74, 0, 7, 6, 0, 0.01%, 3, 0, 2, 129.70
1639739477, 77, 0, 7, 6, 0, 0.01%, 3, 0, 2, 124.47
1639739482, 79, 0, 7, 6, 0, 0.01%, 3, 0, 2, 124.51
1639739487, 82, 0, 7, 6, 0, 0.01%, 3, 0, 2, 16.60
1639739492, 84, 0, 7, 6, 0, 0.01%, 3, 0, 2, 127.78
1639739497, 87, 0, 7, 6, 0, 0.01%, 3, 0, 2, 122.52
1639739502, 89, 0, 7, 6, 0, 0.01%, 3, 0, 2, 122.27
1639739508, 92, 0, 7, 6, 0, 0.01%, 3, 0, 2, 83.80
1639739513, 94, 0, 7, 6, 0, 0.01%, 3, 0, 2, 118.81
